1000000000000000
1001001000000101
1100000001001100
0001000011011110
1010010011000000
1101111000001101
1100100101000011
0001010010100010
1110000000000011
1001101000000010
0011010101010000
1011010011000000
0001000000000001
1110000100001011
1110000000000000
0111000000000000
0111000000000000
0111000000000000
1001101000000001
0100010101100000
1001101000000000
0001111111000001
1100100101000101
1001100000000000
0111000000000000
1111110111000000
0111000000000000
1001100000000001
1111110111000000
0111000000000000
0000000000000001
0000000000000100
0000000000001010
0000000000000011
0000000000001111
0111000000000000
0111000000000000
0111000000000000
0111000000000000
0111000000000000
0111000000000000
0111000000000000
0111000000000000
0111000000000000
0111000000000000
0111000000000000
0111000000000000
0111000000000000
0111000000000000
0111000000000000
0111000000000000
0111000000000000
0111000000000000
0111000000000000
0111000000000000
0111000000000000
0111000000000000
0111000000000000
0111000000000000
0111000000000000
0111000000000000
0111000000000000
0111000000000000
0111000000000000
0111000000000000
0111000000000000
0111000000000000
0111000000000000
0111000000000000
0111000000000000
0111000000000000
0111000000000000
0111000000000000
0111000000000000
0111000000000000
0111000000000000
0111000000000000
0111000000000000
0111000000000000
0111000000000000
0111000000000000
0111000000000000
0111000000000000
0111000000000000
0111000000000000
0111000000000000
0111000000000000
0111000000000000
0111000000000000
0111000000000000
0111000000000000
0111000000000000
0111000000000000
0111000000000000
0111000000000000
0111000000000000
0111000000000000
0111000000000000
0111000000000000
0111000000000000
0111000000000000
0111000000000000
0111000000000000
0111000000000000
0111000000000000
0111000000000000
0111000000000000
0111000000000000
0111000000000000
0111000000000000
0111000000000000
0111000000000000
0111000000000000
0111000000000000
0111000000000000
0111000000000000
0111000000000000
0111000000000000
0111000000000000
0111000000000000
0111000000000000
0111000000000000
0111000000000000
0111000000000000
0111000000000000
0111000000000000
0111000000000000
0111000000000000
0111000000000000
0111000000000000
0111000000000000
0111000000000000
0111000000000000
0111000000000000
0111000000000000
0111000000000000
0111000000000000
0111000000000000
0111000000000000
0111000000000000
0111000000000000
0111000000000000
0111000000000000
0111000000000000
0111000000000000
0111000000000000
0111000000000000
0111000000000000
0111000000000000
0111000000000000
0111000000000000
0111000000000000
0111000000000000
0111000000000000
0111000000000000
0111000000000000
0111000000000000
0111000000000000
0111000000000000
0111000000000000
0111000000000000
0111000000000000
0111000000000000
0111000000000000
0111000000000000
0111000000000000
0111000000000000
0111000000000000
0111000000000000
0111000000000000
0111000000000000
0111000000000000
0111000000000000
0111000000000000
0111000000000000
0111000000000000
0111000000000000
0111000000000000
0111000000000000
0111000000000000
0111000000000000
0111000000000000
0111000000000000
0111000000000000
0111000000000000
0111000000000000
0111000000000000
0111000000000000
0111000000000000
0111000000000000
0111000000000000
0111000000000000
0111000000000000
0111000000000000
0111000000000000
0111000000000000
0111000000000000
0111000000000000
0111000000000000
0111000000000000
0111000000000000
0111000000000000
0111000000000000
0111000000000000
0111000000000000
0111000000000000
0111000000000000
0111000000000000
0111000000000000
0111000000000000
0111000000000000
0111000000000000
0111000000000000
0111000000000000
0111000000000000
0111000000000000
0111000000000000
0111000000000000
0111000000000000
0111000000000000
0111000000000000
0111000000000000
0111000000000000
0111000000000000
0111000000000000
0111000000000000
0111000000000000
0111000000000000
0111000000000000
0111000000000000
0111000000000000
0111000000000000
0111000000000000
0111000000000000
0111000000000000
0111000000000000
0111000000000000
0111000000000000
0111000000000000
0111000000000000
0111000000000000
0111000000000000
0111000000000000
0111000000000000
0111000000000000
0111000000000000
0111000000000000
0111000000000000
0111000000000000
0111000000000000
0111000000000000
0111000000000000
0111000000000000
0111000000000000
0111000000000000
0111000000000000
0111000000000000
0111000000000000
0111000000000000
0111000000000000
0111000000000000
0111000000000000
0111000000000000
0111000000000000
0111000000000000
0111000000000000
0111000000000000
0111000000000000
0111000000000000
0111000000000000
0111000000000000
0111000000000000
0111000000000000
0111000000000000
0111000000000000
0111000000000000
0111000000000000
0111000000000000
0111000000000000
0111000000000000
0111000000000000
0111000000000000
0111000000000000
0111000000000000
0111000000000000
0111000000000000
0111000000000000
0111000000000000
0111000000000000
0111000000000000
0111000000000000
0111000000000000
0111000000000000
0111000000000000
0111000000000000
0111000000000000
0111000000000000
0111000000000000
0111000000000000
0111000000000000
0111000000000000
0111000000000000
0111000000000000
0111000000000000
0111000000000000
0111000000000000
0111000000000000
0111000000000000
0111000000000000
0111000000000000
0111000000000000
0111000000000000
0111000000000000
0111000000000000
0111000000000000
0111000000000000
0111000000000000
0111000000000000
0111000000000000
0111000000000000
0111000000000000
0111000000000000
0111000000000000
0111000000000000
0111000000000000
0111000000000000
0111000000000000
0111000000000000
0111000000000000
0111000000000000
0111000000000000
0111000000000000
0111000000000000
0111000000000000
0111000000000000
0111000000000000
0111000000000000
0111000000000000
0111000000000000
0111000000000000
0111000000000000
0111000000000000
0111000000000000
0111000000000000
0111000000000000
0111000000000000
0111000000000000
0111000000000000
0111000000000000
0111000000000000
0111000000000000
0111000000000000
0111000000000000
0111000000000000
0111000000000000
0111000000000000
0111000000000000
0111000000000000
0111000000000000
0111000000000000
0111000000000000
0111000000000000
0111000000000000
0111000000000000
0111000000000000
0111000000000000
0111000000000000
0111000000000000
0111000000000000
0111000000000000
0111000000000000
0111000000000000
0111000000000000
0111000000000000
0111000000000000
0111000000000000
0111000000000000
0111000000000000
0111000000000000
0111000000000000
0111000000000000
0111000000000000
0111000000000000
0111000000000000
0111000000000000
0111000000000000
0111000000000000
0111000000000000
0111000000000000
0111000000000000
0111000000000000
0111000000000000
0111000000000000
0111000000000000
0111000000000000
0111000000000000
0111000000000000
0111000000000000
0111000000000000
0111000000000000
0111000000000000
0111000000000000
0111000000000000
0111000000000000
0111000000000000
0111000000000000
0111000000000000
0111000000000000
0111000000000000
0111000000000000
0111000000000000
0111000000000000
0111000000000000
0111000000000000
0111000000000000
0111000000000000
0111000000000000
0111000000000000
0111000000000000
0111000000000000
0111000000000000
0111000000000000
0111000000000000
0111000000000000
0111000000000000
0111000000000000
0111000000000000
0111000000000000
0111000000000000
0111000000000000
0111000000000000
0111000000000000
0111000000000000
0111000000000000
0111000000000000
0111000000000000
0111000000000000
0111000000000000
0111000000000000
0111000000000000
0111000000000000
0111000000000000
0111000000000000
0111000000000000
0111000000000000
0111000000000000
0111000000000000
0111000000000000
0111000000000000
0111000000000000
0111000000000000
0111000000000000
0111000000000000
0111000000000000
0111000000000000
0111000000000000
0111000000000000
0111000000000000
0111000000000000
0111000000000000
0111000000000000
0111000000000000
0111000000000000
0111000000000000
0111000000000000
0111000000000000
0111000000000000
0111000000000000
0111000000000000
0111000000000000
0111000000000000
0111000000000000
0111000000000000
0111000000000000
0111000000000000
0111000000000000
0111000000000000
0111000000000000
0111000000000000
0111000000000000
0111000000000000
0111000000000000
0111000000000000
0111000000000000
0111000000000000
0111000000000000
0111000000000000
0111000000000000
0111000000000000
0111000000000000
0111000000000000
0111000000000000
0111000000000000
0111000000000000
0111000000000000
0111000000000000
0111000000000000
0111000000000000
0111000000000000
0111000000000000
0111000000000000
0111000000000000
0111000000000000
0111000000000000
0111000000000000
0111000000000000
0111000000000000
0111000000000000
0111000000000000
0111000000000000
0111000000000000
0111000000000000